x,y,z,type
-42.23355694014295,-156.88676427177774,0.0,CAF
-147.45916702988936,123.71980675493933,0.0,CAF
7.279792995255366,286.22206491521354,0.0,CAF
-110.49735497998249,-230.97532816825387,0.0,CAF
-232.4949903158119,-194.53965941493766,0.0,CAF
338.75962413225517,180.48874433820123,0.0,CAF
-191.5038444594184,-331.75683925929354,0.0,CAF
-191.3418834496238,13.82815939846165,0.0,CAF
4.653827902070059,-219.82147288577696,0.0,CAF
58.60385378755752,149.98859066199458,0.0,CAF
-19.8817396234626,384.77418814646734,0.0,CAF
-243.02036374108178,-67.81860835245404,0.0,CAF
-266.4754717145114,30.71882412979031,0.0,CAF
-270.8336452021545,234.6735211968044,0.0,CAF
-7.139538278705107,-286.3996903678732,0.0,CAF
-127.12384212060073,-54.775961150294016,0.0,CAF
-65.38538086573043,-256.4771831564649,0.0,CAF
181.39969398911407,260.72590578083503,0.0,CAF
-44.65462218021536,-336.27283381068423,0.0,CAF
-311.9927582277484,76.92083761052501,0.0,CAF
134.99373630210548,29.079309420544032,0.0,CAF
21.468583867895212,219.62291304096226,0.0,CAF
338.1171328743575,55.200975090468326,0.0,CAF
-361.5811750300097,100.44642829732383,0.0,CAF
-39.874461000263686,77.20008918323869,0.0,CAF
81.94344884370307,-6.475220675449124,0.0,CAF
217.4289651468485,-235.94357335901424,0.0,CAF
135.54686741727872,-263.2763403716475,0.0,CAF
-157.64842165660832,-1.105998198221225,0.0,CAF
103.97614622314342,-277.336643969197,0.0,CAF
-41.77538387950427,392.64843341322046,0.0,CAF
-294.92597500642256,-118.16388843454254,0.0,CAF
-209.65107089322623,167.05990973683183,0.0,CAF
172.60352532268064,320.3329847463649,0.0,CAF
165.65580054889273,81.30039021339144,0.0,CAF
-240.43812111023354,-92.09635633013276,0.0,CAF
237.60040567799808,167.29886404690956,0.0,CAF
-56.73695892489646,-278.4013294150649,0.0,CAF
338.07914024256576,-181.81883842614306,0.0,CAF
113.5224866678441,184.22687692141253,0.0,CAF
-93.50132523553579,17.265500164712822,0.0,CAF
-26.984784500253316,-381.95834082746984,0.0,CAF
-42.75313338498667,181.39182651900379,0.0,CAF
216.36754730722046,-117.59915096858013,0.0,CAF
222.76398387693115,-187.93314611896088,0.0,CAF
314.1130374877958,239.73709551903883,0.0,CAF
288.3220690370313,50.13317431383163,0.0,CAF
264.7318161142139,-39.44609720399082,0.0,CAF
294.2288115586342,-82.5321947582711,0.0,CAF
-348.0595421792006,184.8887792288848,0.0,CAF
343.6574742815589,113.0074164444536,0.0,CAF
-120.65137901366013,-111.70562453166657,0.0,CAF
-96.57406590409735,345.2463644695256,0.0,CAF
338.2319206379896,-142.0387884704697,0.0,CAF
92.06726242027221,-319.42867094829063,0.0,CAF
-191.2758286759286,-261.8604797045539,0.0,CAF
-57.12928810419826,259.37726302888655,0.0,CAF
-96.58420333403379,-305.5204634806687,0.0,CAF
-83.6921078331573,333.17807045303033,0.0,CAF
136.28263654011565,32.837214704700116,0.0,CAF
-202.62592280122178,-10.748443529322229,0.0,CAF
-175.77371187846893,12.518100777355444,0.0,CAF
29.946903276932613,-365.6461088116272,0.0,CAF
219.1787734460367,-246.49762659257743,0.0,CAF
-163.8928339278349,212.7526858094425,0.0,CAF
-345.3831290044447,113.48750714177304,0.0,CAF
-332.8119052638103,62.61988592671083,0.0,CAF
-171.9105602704762,341.4991249106482,0.0,CAF
-4.604885253833123,-110.7606175834423,0.0,CAF
-282.67348856699726,-39.50797271388793,0.0,CAF
288.3151503524174,-173.07235090985444,0.0,CAF
-106.80977432145205,-147.61633377839934,0.0,CAF
54.25065681498846,222.25450130550922,0.0,CAF
132.06553982800534,222.699109565148,0.0,CAF
-247.90664847014028,256.19210090788624,0.0,CAF
-160.75845542853094,230.49709581117122,0.0,CAF
-234.35314556840933,154.7184811773896,0.0,CAF
106.40749257291323,240.04054760120977,0.0,CAF
189.4564530544475,-26.086523023170134,0.0,CAF
234.1875746956081,304.7090834816569,0.0,CAF
-129.4885317415829,-184.61012824998838,0.0,CAF
300.3059165454254,24.715626858246786,0.0,CAF
-128.6673746365471,85.14378654785959,0.0,CAF
-95.7746966026809,245.5731056661376,0.0,CAF
-280.49705519400044,256.7683092100128,0.0,CAF
-399.062896560583,4.821073570497333,0.0,CAF
-194.30219878388368,-141.8694915233817,0.0,CAF
-135.84912424485012,-78.63525196882726,0.0,CAF
-152.81185052107688,-164.19738919114175,0.0,CAF
128.0776558223163,-189.61750188467147,0.0,CAF
243.15675636263194,-209.75270897028832,0.0,CAF
-22.546785884394556,-280.84999263915415,0.0,CAF
308.3905052298816,166.87975553241694,0.0,CAF
325.1173018226281,-80.66762408284436,0.0,CAF
189.67006016767576,-65.07429680011654,0.0,CAF
-84.41613307981905,-344.02736353024994,0.0,CAF
-366.0224484921,-40.26742984371531,0.0,CAF
-1.2021847630816533,309.4204019007726,0.0,CAF
15.369950210106092,-384.95531962853954,0.0,CAF
254.72853584794967,-245.73374343440875,0.0,CAF
-156.801156837319,-265.85097764384903,0.0,CAF
-262.26860767273973,-276.0466210616159,0.0,CAF
108.63294686014883,290.2692537885581,0.0,CAF
-180.97356492362903,225.03144040957355,0.0,CAF
-40.10747535945199,-235.35659091274115,0.0,CAF
373.7266378202464,39.83130777021537,0.0,CAF
-88.46156179123717,-108.67796200291289,0.0,CAF
28.777306282341666,-273.7376497998135,0.0,CAF
-148.79930801858515,252.67548166213854,0.0,CAF
264.4543949104993,137.19959947348963,0.0,CAF
135.89016909110708,-292.9782156100164,0.0,CAF
178.7908541706532,221.27162119336205,0.0,CAF
-139.50583112576672,147.06810226659417,0.0,CAF
-98.25997443249197,-357.00991695868333,0.0,CAF
132.51997528956022,-296.04477465906893,0.0,CAF
240.44626198169027,-281.9497212140515,0.0,CAF
-206.33292909526378,-39.920933453880195,0.0,CAF
-315.6015266198591,48.21596809839913,0.0,CAF
195.78963033905316,-275.5616443990711,0.0,CAF
-228.48025947093836,-95.61169745876718,0.0,CAF
-317.3680786482907,-170.98702163672115,0.0,CAF
-18.33556868237015,8.075326362541816,0.0,CAF
-215.14257576896517,221.1353253683602,0.0,CAF
-310.9834604117999,38.2131208702372,0.0,CAF
-193.06370322725468,219.41126083763385,0.0,CAF
-176.05709147446288,264.21895929070746,0.0,CAF
163.44393286347866,-6.50983362628513,0.0,CAF
-170.6632277931268,283.6178763188446,0.0,CAF
-9.29463444361049,231.6027716250954,0.0,CAF
-163.3947672083613,213.61355027495858,0.0,CAF
-194.31402432944085,-124.65776425197296,0.0,CAF
233.418119275472,-146.10193069846537,0.0,CAF
74.32062481464496,-306.47597127514,0.0,CAF
200.578384235514,-306.43639979734564,0.0,CAF
175.94078744657688,-215.39370588555695,0.0,CAF
199.64450259766576,-108.8939162630638,0.0,CAF
26.170426912040966,278.18305013660165,0.0,CAF
-320.68259657048424,85.85603361496808,0.0,CAF
-176.86335985238264,155.53606211375515,0.0,CAF
-189.74494768057644,174.01720255607003,0.0,CAF
-172.88726186078966,-245.28425430034557,0.0,CAF
-176.901069795401,125.48901831482571,0.0,CAF
-136.18184448701143,-122.09852889869778,0.0,CAF
-110.71288664894722,101.02188944965977,0.0,CAF
-89.00163656517002,220.2187684755622,0.0,CAF
-53.06051482077663,70.13876814603513,0.0,CAF
101.2511216247778,-288.2800975496656,0.0,CAF
-135.07154426802413,-99.50465561296679,0.0,CAF
242.45763503065578,-39.96826226080108,0.0,CAF
103.00774760822262,-180.18061603962929,0.0,CAF
-316.3217226744547,28.336590813739235,0.0,CAF
17.661814324985148,368.4336658741277,0.0,CAF
-146.45527884105746,-282.62876388952935,0.0,CAF
-43.07673956691502,-291.4535693657348,0.0,CAF
-318.93654112734674,73.0265775266168,0.0,CAF
8.715609215691249,68.72074066561952,0.0,CAF
-131.22757240245653,-49.340348552652024,0.0,CAF
-2.964881666634269,123.20538637604257,0.0,CAF
116.54300416109645,-46.14406463362431,0.0,CAF
-140.7904311045255,-147.83588515935344,0.0,CAF
-75.98292444490359,281.7001186618723,0.0,CAF
28.942164846992696,132.33066038922738,0.0,CAF
-80.28681554794737,-378.3815876063107,0.0,CAF
-96.89765093143725,-356.7799513266907,0.0,CAF
-323.1097160524015,-225.97169735569452,0.0,CAF
-62.094677213614084,-54.261019856758786,0.0,CAF
-293.23523212879826,-224.13721282433303,0.0,CAF
-228.76289263934822,276.16116856270065,0.0,CAF
350.91931711252687,-145.5766849934132,0.0,CAF
-288.17918560724826,37.7335899208193,0.0,CAF
352.1603393354032,45.225509651980985,0.0,CAF
-52.488005347492226,73.83027827027345,0.0,CAF
75.28320122026872,80.45424744205084,0.0,CAF
-90.0182413496638,104.22031844246014,0.0,CAF
-297.42639178046,-240.63200036605605,0.0,CAF
97.92833776142996,14.040532946975686,0.0,CAF
86.77003139857517,-92.16770542303864,0.0,CAF
-296.8097654632358,-246.51496414291626,0.0,CAF
-36.86507848884881,125.79260344382544,0.0,CAF
-139.9487264040875,345.7967058459835,0.0,CAF
-347.1277397536124,76.06351545592764,0.0,CAF
0.9625148330404627,80.2757231692176,0.0,CAF
59.10145956961415,1.6127551215434472,0.0,CAF
288.34602450889435,48.56656784343547,0.0,CAF
-250.21471082266385,311.35295580837743,0.0,CAF
266.44708253189077,263.8537053484026,0.0,CAF
220.52458134972858,31.19260104467843,0.0,CAF
157.59205653386311,-192.28682007847604,0.0,CAF
-37.63794720031717,246.26884563144057,0.0,CAF
-342.6709773276505,-6.723975172111996,0.0,CAF
100.2574071364497,211.02059790517495,0.0,CAF
147.19793847970317,44.50052502350094,0.0,CAF
-11.150301166049578,-345.5616531927037,0.0,CAF
191.47092632967542,191.3671426595296,0.0,CAF
109.39211133645566,17.831482473064504,0.0,CAF
-303.46162100736626,-185.25497978276147,0.0,CAF
304.92758074543224,25.86450720146369,0.0,CAF
-257.6953868789605,109.05127062216351,0.0,CAF
-79.30027243561211,318.506473301882,0.0,CAF
-120.1315591671896,257.73482058759276,0.0,CAF
322.00150612004916,7.890103584860727,0.0,CAF
363.2469149687191,-82.76379657893632,0.0,CAF
-311.53075584539937,-33.32997239984207,0.0,CAF
-291.72518937429726,-142.94227345755488,0.0,CAF
-157.62501654942756,-270.8714183244527,0.0,CAF
85.75923347700167,-278.6289975841792,0.0,CAF
-129.18938106498203,-104.04657407201023,0.0,CAF
17.744680561799683,-231.07044224906429,0.0,CAF
-315.88613916604675,105.42002589673604,0.0,CAF
-180.12611297443223,188.76112019429857,0.0,CAF
113.05709984583555,-228.47042276892756,0.0,CAF
231.00610481753796,-260.99667622005836,0.0,CAF
19.342200013938772,22.735368886529773,0.0,CAF
-317.83475288910654,-87.29368072876036,0.0,CAF
-113.29973611945039,-255.8112809742083,0.0,CAF
212.42497245129806,123.11638428122231,0.0,CAF
210.95414383395917,-99.9210040534802,0.0,CAF
-164.9873508211361,-20.958371106803316,0.0,CAF
-141.21399608888342,-183.1363987534573,0.0,CAF
109.04644840212146,225.2461489760549,0.0,CAF
-23.961578919006143,263.4723322166519,0.0,CAF
237.6669366781423,226.01444511011303,0.0,CAF
-23.66414252787322,268.3493459393954,0.0,CAF
-356.53182621587575,17.045397352618835,0.0,CAF
160.48273587612167,-276.7731400736981,0.0,CAF
-170.27566699877755,-36.62963209173291,0.0,CAF
7.324120194405278,210.46155208650356,0.0,CAF
108.20829132935165,31.15823355397148,0.0,CAF
-280.2462348969377,-269.7731058015643,0.0,CAF
-330.22308658351216,181.109884003996,0.0,CAF
115.91676980079347,-11.432346701346928,0.0,CAF
56.34067870615526,-297.7883316359514,0.0,CAF
140.54816736107625,-365.93784126429705,0.0,CAF
344.72854294348554,26.55330622439181,0.0,CAF
48.74178781646694,-276.25022924110334,0.0,CAF
66.97995596169052,184.63521799600306,0.0,CAF
-181.33108033329054,-108.4664525010799,0.0,CAF
-324.6579808789397,111.33403881575343,0.0,CAF
-318.23395209025654,-153.68537814649704,0.0,CAF
194.4637285425875,216.274802456375,0.0,CAF
-134.0389936906204,37.2201613789972,0.0,CAF
376.1796876522294,88.9257126939463,0.0,CAF
355.5125823063519,93.66344725957379,0.0,CAF
-82.14055498445477,-125.45570481741122,0.0,CAF
90.91635273020434,-28.47156804346085,0.0,CAF
50.148807442983276,-288.48557390622494,0.0,CAF
-209.22852962502367,41.063867665805,0.0,CAF
199.90172551786446,73.2069234520291,0.0,CAF
113.43840024463667,32.97247624919154,0.0,CAF
213.62439374738634,326.9653682570734,0.0,CAF
360.25252505202945,-55.17926910726548,0.0,CAF
-108.51172729144538,80.2417580837663,0.0,CAF
207.39417020341784,-311.8388381676801,0.0,CAF
-91.94045387279716,-317.52152981454026,0.0,CAF
-179.92796532435483,-140.34424956803593,0.0,CAF
353.48053361496386,-120.2148121559963,0.0,CAF
37.97529108027903,306.9876663849566,0.0,CAF
-353.7902529514844,103.05159877472298,0.0,CAF
180.84969003473933,-205.85494293870894,0.0,CAF
-268.1901264630134,-90.43352527489606,0.0,CAF
4.819259076984673,215.7275583871979,0.0,CAF
63.57964338216982,240.807931054086,0.0,CAF
5.455554762685897,-301.34791849745164,0.0,CAF
388.01181090081667,31.2459660571992,0.0,CAF
265.9131792458453,-159.0880972865931,0.0,CAF
152.53238546259644,17.730822596621564,0.0,CAF
-22.751079806359005,-24.531164747776646,0.0,CAF
-291.9218312043016,-225.69825286810715,0.0,CAF
-212.72389496013972,-114.19550013714169,0.0,CAF
-221.5766499301922,36.03246519579726,0.0,CAF
214.78569213913357,-286.328633082852,0.0,CAF
-209.76804408640956,-327.49909241788106,0.0,CAF
68.79798844206148,-339.0487441690929,0.0,CAF
124.74124721512223,110.70316756554408,0.0,CAF
238.04247538906208,77.17711373985516,0.0,CAF
342.98895254743485,62.147782100184436,0.0,CAF
229.28079979509857,304.2013234563776,0.0,CAF
-199.11732528639928,-346.5952985871792,0.0,CAF
-285.89213834010775,10.743853006738396,0.0,CAF
5.133548311861807,-362.7362921137638,0.0,CAF
30.922644823210558,80.65266816118994,0.0,CAF
-143.38948802398193,158.655017837493,0.0,CAF
186.38154639893,-157.17526426744698,0.0,CAF
363.28217621979394,-155.27355114800974,0.0,CAF
20.540464460617187,-11.003319231932227,0.0,CAF
92.37781720902004,-201.8654426337301,0.0,CAF
-146.0015989198886,-357.14072107630153,0.0,CAF
189.72326817937085,-114.33984046858002,0.0,CAF
-42.347668774173016,-184.97934338656634,0.0,CAF
327.56536259644474,-97.54534871954179,0.0,CAF
341.15198135381786,53.56816683761664,0.0,CAF
242.21571168415142,-129.9230935474575,0.0,CAF
-365.60979310517814,-133.55251537899468,0.0,CAF
137.457776302206,116.35502765565133,0.0,CAF
83.60221828679579,373.0378030900656,0.0,CAF
208.1583373758686,-278.4805178553095,0.0,CAF
-242.5414447196264,-9.326421069413888,0.0,CAF
357.2204672935374,-38.71584820621422,0.0,CAF
107.95768263919594,98.27251388549733,0.0,CAF
-123.43496449382933,75.63734825681993,0.0,CAF
-189.79633967199248,335.8084304580494,0.0,CAF
-122.51344986585241,-12.463380650254594,0.0,CAF
-17.0829622431104,-18.997618190320903,0.0,CAF
-131.51935222354794,-212.0083456948869,0.0,CAF
128.89939621241857,1.0495547695929393,0.0,CAF
315.0452976034057,197.05912660179365,0.0,CAF
374.9406521979458,83.96707378638567,0.0,CAF
183.2052692279144,-208.86370585660262,0.0,CAF
-101.04565755639881,240.55190785067762,0.0,CAF
-197.0518629481293,217.75409897342084,0.0,CAF
-181.06533406273167,58.36509895433379,0.0,CAF
127.56670198429431,-177.20404727912958,0.0,CAF
126.60443889291598,11.29881985212044,0.0,CAF
196.41076339324317,181.25900419317543,0.0,CAF
-123.95054988185755,-287.24017962215987,0.0,CAF
375.9065744246284,-86.77583077676405,0.0,CAF
-214.52353521741045,-268.7589256901169,0.0,CAF
-23.75279669452974,339.3022281354754,0.0,CAF
-220.26377454117966,-27.635186989212272,0.0,CAF
372.3485520581997,-59.02104185601322,0.0,CAF
-383.2055039633219,-68.31144267995002,0.0,CAF
-270.52254656264176,275.64401253789157,0.0,CAF
-58.585845803354985,52.689495304160225,0.0,CAF
304.3129578918956,-63.95096142927639,0.0,CAF
-62.25675318469541,-314.70639268840273,0.0,CAF
-83.56175128594883,-200.56883944587653,0.0,CAF
44.83582104687283,395.9491109427089,0.0,CAF
-200.94585101650017,-78.8083648493226,0.0,CAF
-115.70871675433744,145.84018025233453,0.0,CAF
17.12426501390182,277.79500286838197,0.0,CAF
180.15130765307967,-138.74107940383195,0.0,CAF
-285.45634084035646,257.60316584472577,0.0,CAF
-54.278980888990176,259.74231315674444,0.0,CAF
232.9565276547652,-106.56071025780551,0.0,CAF
102.79119900370249,299.28566658752845,0.0,CAF
-3.217231540763747,-113.8771128075912,0.0,CAF
-199.63742961635626,-284.9950318633956,0.0,CAF
307.77515202048085,-167.98293748934535,0.0,CAF
135.76716290720253,-239.60678419559812,0.0,CAF
-108.39973533550487,-375.7142104569123,0.0,CAF
-120.16213902758565,279.7415201067493,0.0,CAF
-333.3941119101138,9.284332117338352,0.0,CAF
361.4213361292732,-131.41465166041087,0.0,CAF
323.05618107363136,47.43373080507051,0.0,CAF
72.27353543930258,-252.72256984921512,0.0,CAF
-0.7160881037709865,62.951372654862524,0.0,CAF
135.5377732300813,313.30081795124727,0.0,CAF
43.79143092941814,390.4623828659058,0.0,CAF
255.1904948478859,100.57549952672436,0.0,CAF
232.86272919961425,-11.744419774062463,0.0,CAF
197.14009621032832,-210.2790781137939,0.0,CAF
-338.41079169628694,-45.03430884378878,0.0,CAF
-2.286199216173751,-10.259103775274538,0.0,CAF
-353.19635204569107,-131.17245342949425,0.0,CAF
142.09787293612777,-348.74955491808095,0.0,CAF
165.05725124299855,-243.64682060207363,0.0,CAF
15.101368796186094,139.11344740383242,0.0,CAF
-317.4252563757227,82.03739240728042,0.0,CAF
-98.31814879612214,-111.3052006486387,0.0,CAF
282.3588496084408,-38.4840782275847,0.0,CAF
-50.234964155086786,-111.6120239638896,0.0,CAF
245.66136272599456,-184.12210348355123,0.0,CAF
128.1012740210625,-185.69102189674825,0.0,CAF
-317.22816978598826,-179.79130861149167,0.0,CAF
280.82231174377955,-221.6533541822137,0.0,CAF
-286.89441560962234,278.2937555316753,0.0,CAF
-147.33837894611744,139.61343073726343,0.0,CAF
19.225363578434123,-97.56310901160272,0.0,CAF
176.63555436595627,199.19940601730335,0.0,CAF
-39.69353496113567,108.48482325625291,0.0,CAF
-131.17532807125264,-106.5503998862573,0.0,CAF
-270.9634929839171,148.8180368362756,0.0,CAF
286.6976252995596,-112.00628492491434,0.0,CAF
80.44730472930867,-21.462236568918215,0.0,CAF
-266.1693461461407,-4.317337033464443,0.0,CAF
-282.5359088876211,-70.77041082122214,0.0,CAF
-32.8742564969622,-204.45821409512945,0.0,CAF
-360.1480595432105,99.09734763019227,0.0,CAF
59.00943601334508,149.31064960281444,0.0,CAF
-3.8380292392755004,-201.5181340042448,0.0,CAF
-12.151151236060997,-158.02359295016316,0.0,CAF
4.305523798718014,136.487815881521,0.0,CAF
186.6565839423805,-325.2629537960036,0.0,CAF
-159.33820503216302,-138.0898360790014,0.0,CAF
29.228005627465393,338.7470543073369,0.0,CAF
-151.08751378006207,-213.65799946596783,0.0,CAF
32.7905557934413,317.2767504375067,0.0,CAF
-36.827813113979374,383.60383674931524,0.0,CAF
212.33916477344624,-300.0822184506025,0.0,CAF
94.9186873020165,-45.03626969565827,0.0,CAF
-15.897948826578961,367.3957823217114,0.0,CAF
241.86191247549465,-117.45032030014949,0.0,CAF
16.644411352799835,236.10650112078753,0.0,CAF
242.91922303612967,220.39128647336227,0.0,CAF
364.11248828123934,139.4824561495961,0.0,CAF
6.079073491800068,122.57538284493867,0.0,CAF
-263.317750933527,231.42188073591328,0.0,CAF
162.07091715312086,-79.33664181460612,0.0,CAF
12.146762496503298,246.32140754139368,0.0,CAF
-248.09278189058128,279.752844803967,0.0,CAF
-29.370205388281448,-294.04975850597884,0.0,CAF
-33.38852543578437,98.37819901427441,0.0,CAF
-114.2687788675837,-261.20952164496106,0.0,CAF
-323.5665876053409,147.1304443276889,0.0,CAF
96.04883020869694,274.5824398209686,0.0,CAF
-16.33976810158564,-162.58932995444312,0.0,CAF
263.00391875810584,45.11663470478229,0.0,CAF
-101.09303495604702,371.04643532813964,0.0,CAF
-200.79816076998438,254.93673145792383,0.0,CAF
-330.0252537698208,88.68581011379264,0.0,CAF
-151.25013117432417,-320.7385836030049,0.0,CAF
-116.56406721518266,30.393520776440944,0.0,CAF
-253.01368678367538,-170.38170025952442,0.0,CAF
-202.16238821714546,-138.84091507905535,0.0,CAF
-104.3597589770263,106.65133329589708,0.0,CAF
164.81552889054672,-72.59043163649855,0.0,CAF
340.01988879745244,-96.80987045815924,0.0,CAF
-139.9499429796848,-79.07129887858564,0.0,CAF
201.27637183114368,97.33858072710068,0.0,CAF
-213.16245114955518,11.895526134078395,0.0,CAF
35.32721344018133,80.826024378802,0.0,CAF
-270.41799664268325,28.626193775196576,0.0,CAF
131.9654305128597,324.2435811186229,0.0,CAF
-17.020529015406535,-57.050178193057825,0.0,CAF
117.42102359036056,64.96564704345957,0.0,CAF
324.949090808967,-98.1730977306746,0.0,CAF
103.7060708834648,290.20339310487043,0.0,CAF
-180.08501584707423,-286.3721447961518,0.0,CAF
166.34796803522474,-95.62942178479388,0.0,CAF
4.76247966957734,358.5809868286126,0.0,CAF
253.81282784171157,-111.1684219580271,0.0,CAF
-239.10858447132816,201.18499124123272,0.0,CAF
117.71233057734315,-29.805267691870966,0.0,CAF
178.19778936736398,-32.41297891518124,0.0,CAF
133.42887189119543,325.4750331492298,0.0,CAF
92.31537413119514,-165.2368672216404,0.0,CAF
42.34962244079596,114.06700610849492,0.0,CAF
45.59083856710757,305.7351805060778,0.0,CAF
255.6812863467618,149.3215403012654,0.0,CAF
172.7980036104276,259.6225694841986,0.0,CAF
-212.09281982901672,-232.26173855172715,0.0,CAF
-268.6390617051076,88.6827484041851,0.0,CAF
71.51475126957199,-271.826171738183,0.0,CAF
-189.46377861784416,334.61913728620266,0.0,CAF
286.6079515984799,-57.24472081582625,0.0,CAF
298.96984148287834,96.876551703289,0.0,CAF
190.7266627788231,79.6143380017206,0.0,CAF
-112.29364159562051,-356.04079848459065,0.0,CAF
47.49051479326132,-40.54066884175859,0.0,CAF
84.20482720358376,-286.4713407014016,0.0,CAF
-247.31554407557002,15.845153527251226,0.0,CAF
-38.26418924135634,308.4809931120198,0.0,CAF
239.20044430657367,20.265127854483705,0.0,CAF
-338.2685046858004,-20.11180281466869,0.0,CAF
-56.368363156672615,8.697040346370937,0.0,CAF
-142.2398265556412,211.44772863401482,0.0,CAF
-321.688333623986,-171.81033720067379,0.0,CAF
-26.554341423539523,-198.31031691838888,0.0,CAF
-27.901396089097272,-87.53086676784841,0.0,CAF
-23.443206852476052,280.88123465781575,0.0,CAF
-339.8485409738047,-201.86213830796152,0.0,CAF
60.18271842315798,81.50711778011015,0.0,CAF
76.44457875177694,73.24797075298608,0.0,CAF
68.93197549149325,-300.7773813741796,0.0,CAF
-69.23761733497865,-187.66189385774544,0.0,CAF
28.79976527853857,-254.57331144850426,0.0,CAF
209.6765825704406,298.18932777932173,0.0,CAF
153.3123578912898,-91.16529156984967,0.0,CAF
227.35101603741458,251.79258413182967,0.0,CAF
194.5338034489498,-207.0610572717487,0.0,CAF
-228.23928452410544,304.466845134586,0.0,CAF
311.09914789515227,242.67517430895236,0.0,CAF
-63.782913514749254,271.1557958962215,0.0,CAF
127.70093626457283,277.9136562596848,0.0,CAF
-344.8552610006366,20.239947583710215,0.0,CAF
214.64132155465023,-70.12107943260756,0.0,CAF
-89.51845938711529,168.1216866221514,0.0,CAF
-299.3853338448049,-254.39742425880726,0.0,CAF
204.51883636063206,-165.50077996440228,0.0,CAF
-10.915906667654996,-11.63508591059111,0.0,CAF
-237.2413208615031,278.8395299090548,0.0,CAF
309.2389657481033,-17.819311704359016,0.0,CAF
62.92798140969845,151.68862577975085,0.0,CAF
-68.70310590843178,-10.111090290737407,0.0,CAF
62.46872153473538,-206.72408615469234,0.0,CAF
385.304383059288,1.5708822641479765,0.0,CAF
-114.69718681770682,-369.0570992973879,0.0,CAF
-23.083372029478326,221.87319744414285,0.0,CAF
176.73555265143239,320.1772997579738,0.0,CAF
-40.26400474205575,262.81944685138313,0.0,CAF
316.55877577668514,-66.97537861499181,0.0,CAF
180.018316430493,-145.27362420241775,0.0,CAF
64.87049563239465,279.9061167601828,0.0,CAF
160.7893811260031,145.43550586142695,0.0,CAF
-64.9981490208231,74.5220678785882,0.0,CAF
-124.89825237829501,-81.85924714712407,0.0,CAF
144.7833063647326,-159.83026407352875,0.0,CAF
386.2854661039629,-83.57119188467348,0.0,CAF
2.8485173872770932,-393.0641550544809,0.0,CAF
-295.73306253547554,-212.0568096546619,0.0,CAF
120.75280515852437,150.3985645600428,0.0,CAF
237.57306603834488,119.22827173045764,0.0,CAF
-218.42854552581866,-150.51320426456962,0.0,CAF
-241.37100026938344,-60.46287621232316,0.0,CAF
48.108933872659414,-69.7594387591771,0.0,CAF
-128.83287530782619,262.5385116812559,0.0,CAF
104.59576064001945,26.6391740884266,0.0,CAF
-317.82787959754404,165.20420050773532,0.0,CAF
326.3641410065281,-63.99679929680936,0.0,CAF
67.10262547653397,-227.89286675348475,0.0,CAF
314.56183804498494,67.76924966203157,0.0,CAF
136.26348060978376,-136.8144177401007,0.0,CAF
-202.75910448735291,36.45210474784536,0.0,CAF
-148.01455008903866,168.3836561843347,0.0,CAF
-203.93721563432885,293.1406967122955,0.0,CAF
-151.7621216818597,-103.33863710149234,0.0,CAF
-294.5459708413514,-57.33818499823616,0.0,CAF
-99.14617235116681,-149.14682301527688,0.0,CAF
-191.1000546422027,-95.32448334889378,0.0,CAF
119.98319057370377,152.5812598505888,0.0,CAF
-14.600601328703805,320.9167646175032,0.0,CAF
157.1352261307905,-244.1007001664481,0.0,CAF
-176.1193347541858,-290.49929994860844,0.0,CAF
-177.8195379474673,59.75919927029622,0.0,CAF
15.72198046879609,34.879579216280014,0.0,CAF
329.586809995394,15.939429660863675,0.0,CAF
-51.3942900115508,125.44026591737105,0.0,CAF
186.84501681795902,67.06545756296289,0.0,CAF
-219.78687960839443,24.566480126399142,0.0,CAF
150.71021170368968,-311.0864298788488,0.0,CAF
-69.80551291366606,308.6581929449603,0.0,CAF
98.95525994395857,-140.3222233773261,0.0,CAF
-87.10253804722203,-296.7746578885922,0.0,CAF
80.81398499541037,116.23713918511606,0.0,CD4_Tcell
-137.48005505401403,290.2225647076371,0.0,CD4_Tcell
-151.43882561756587,36.538353335356994,0.0,CD4_Tcell
203.9395291375687,-251.34680363818785,0.0,CD4_Tcell
58.02638542488909,139.52510939260787,0.0,CD4_Tcell
-144.06056420288766,205.05699793968563,0.0,CD4_Tcell
-297.6090944463063,45.64986463244472,0.0,CD4_Tcell
-25.468350584735376,86.08850414732322,0.0,CD4_Tcell
315.05913385497735,-29.28116749535086,0.0,CD8_Tcell
-194.08146248725728,-58.21318993975975,0.0,CD8_Tcell
-196.00931721491207,-291.81572086346364,0.0,CD8_Tcell
-6.979102595373279,-284.2110963758322,0.0,CD8_Tcell
18.92283433624812,115.97718609476841,0.0,CD8_Tcell
-162.94213032710957,271.60575362384435,0.0,CD8_Tcell
-257.14345524623184,157.97532728825195,0.0,CD8_Tcell
-192.84613026994515,-130.33014506619324,0.0,CD8_Tcell
24.940085807603918,-34.10461350246871,0.0,CD8_Tcell
-4.732388384910464,179.1364040279752,0.0,CD8_Tcell
-250.5311564596752,46.342898745699664,0.0,CD8_Tcell
1.723673469851847,-178.83868249541794,0.0,CD8_Tcell
259.2928727631729,158.637276466061,0.0,CD8_Tcell
-336.49015795904387,-27.319528270063277,0.0,CD8_Tcell
227.96561957787986,291.5381645181417,0.0,CD8_Tcell
-312.0562629831904,-78.34607662394917,0.0,CD8_Tcell
37.10387662120661,-329.94662862415845,0.0,CD8_Tcell
25.55989802577176,310.9620395639894,0.0,CD8_Tcell
232.34765376031987,-322.01294540764525,0.0,CD8_Tcell
-103.80749610032815,176.02299510622376,0.0,CD8_Tcell
75.033992437329,192.27919508089323,0.0,CD8_Tcell
-138.81250422015984,30.732251782543532,0.0,CD8_Tcell
198.4430726063553,-195.780078337082,0.0,CD8_Tcell
112.58609453104025,52.06000287356095,0.0,CD8_Tcell
-97.36627962384077,183.69339426312706,0.0,CD8_Tcell
-158.84574640980844,-228.02845754627526,0.0,CD8_Tcell
-244.89220638949547,305.35734115702456,0.0,CD8_Tcell
354.4514702438046,169.03915007013052,0.0,CD8_Tcell
-169.97001855893933,300.1809958223917,0.0,CD8_Tcell
107.61657098286105,-225.16371710824194,0.0,CD8_Tcell
364.57863893709816,-74.2173818658431,0.0,CD8_Tcell
362.6337932570882,92.57245969076241,0.0,CD8_Tcell
-346.0251073417991,-160.92919566239303,0.0,CD8_Tcell
252.48015784920432,196.61581219951495,0.0,CD8_Tcell
-76.10101731837639,-162.77432985691894,0.0,CD8_Tcell
120.56997208128428,5.983767678261204,0.0,CD8_Tcell
380.93565086397774,35.38517411654855,0.0,CD8_Tcell
15.846250758479814,-92.93155350232695,0.0,CD8_Tcell
194.21722015284453,98.09220614391694,0.0,CD8_Tcell
-94.85184047654793,262.5204965031291,0.0,CD8_Tcell
57.249274151074104,-15.452878985201709,0.0,CD8_Tcell
379.2923973129424,-35.259590597737464,0.0,CD8_Tcell
113.24669050171791,181.9740263608126,0.0,CD8_Tcell
-62.649128715857195,-25.216155504675854,0.0,CD8_Tcell
-371.49637288139957,-144.7924186282108,0.0,CD8_Tcell
-213.29373617961335,65.79278864240338,0.0,CD8_Tcell
333.39923021101606,-170.66733282137378,0.0,CD8_Tcell
6.826465237342822,-269.27553175085234,0.0,CD8_Tcell
29.689895490066508,-324.3742503260528,0.0,CD8_Tcell
-24.08867564567213,194.9209060917129,0.0,CD8_Tcell
-259.8416612669272,113.76450846536882,0.0,CD8_Tcell
-202.40385527398323,16.027169376804324,0.0,CD8_Tcell
-118.00680544417833,371.8169104159686,0.0,CD8_Tcell
81.73646188718195,55.41134166183545,0.0,CD8_Tcell
146.96464358701064,149.49656161971924,0.0,CD8_Tcell
159.50837865862388,342.71635120851414,0.0,CD8_Tcell
79.56824040038197,265.4706166805517,0.0,CD8_Tcell
15.059627687707776,309.4942091842347,0.0,CD8_Tcell
-11.0757020928262,322.7201082400255,0.0,CD8_Tcell
-102.43174281692158,29.259869228316358,0.0,CD8_Tcell
-53.17839986641257,-3.202551017789195,0.0,CD8_Tcell
-140.06009915439355,361.16164926341577,0.0,CD8_Tcell
174.05558318602914,-114.6521225676708,0.0,CD8_Tcell
-233.05550709834347,-80.84075878428281,0.0,CD8_Tcell
77.07344546333448,-321.2391497314397,0.0,CD8_Tcell
172.82649484046215,-89.10456224456253,0.0,CD8_Tcell
177.77774235486467,292.72255387996717,0.0,CD8_Tcell
-243.44245406281354,118.55176382491366,0.0,CD8_Tcell
-338.0898768929535,150.84032613492352,0.0,CD8_Tcell
-128.83562087226218,167.23601441357033,0.0,CD8_Tcell
180.30415877865852,10.099861446973664,0.0,CD8_Tcell
146.91683752634356,-333.8945634047334,0.0,CD8_Tcell
174.62669522230908,147.36922241291828,0.0,CD8_Tcell
256.6044820870169,-7.2885617878035704,0.0,CD8_Tcell
51.22787184571325,-352.6598338005592,0.0,CD8_Tcell
-279.4377096078102,-153.64508592556138,0.0,CD8_Tcell
149.97307436593547,219.50904180555438,0.0,CD8_Tcell
-199.02171669524898,-19.309005888582863,0.0,CD8_Tcell
-24.38685508384653,348.82292974430703,0.0,CD8_Tcell
-2.479364492371492,169.89060677425076,0.0,CD8_Tcell
184.66288042760223,-338.26669461537233,0.0,CD8_Tcell
-113.47917466456379,105.70263940474229,0.0,CD8_Tcell
-341.808731042725,109.3443281315014,0.0,CD8_Tcell
143.67631728402276,-217.34059567462825,0.0,CD8_Tcell
146.92731791895898,90.40663979212529,0.0,CD8_Tcell
-210.1997908362962,-142.11501697660495,0.0,CD8_Tcell
-165.99503908152076,-88.84783392021312,0.0,CD8_Tcell
-131.52188521220654,66.79055205613095,0.0,CD8_Tcell
93.99497928408563,-171.5511809876973,0.0,CD8_Tcell
348.80912063649606,-130.8279517798654,0.0,CD8_Tcell
-127.11929921242383,28.133001342091767,0.0,CD8_Tcell
-379.59007532045626,107.32058871005546,0.0,CD8_Tcell
-28.27751985103789,-0.3666893814237743,0.0,CD8_Tcell
-54.54180426272505,-319.91138818486206,0.0,CD8_Tcell
-182.28154395549183,-322.2039048604096,0.0,CD8_Tcell
65.66035487772426,380.9487386743965,0.0,CD8_Tcell
139.7134161546208,59.31151911295539,0.0,CD8_Tcell
317.3893106286552,-104.77301623529507,0.0,CD8_Tcell
-9.108089187275901,130.73988410680266,0.0,CD8_Tcell
-153.0115447784115,-181.67362545078893,0.0,CD8_Tcell
161.91027421290477,-301.48512451764674,0.0,CD8_Tcell
-73.09387167409689,223.63586946145594,0.0,CD8_Tcell
-147.6226903995965,-168.36715179676742,0.0,CD8_Tcell
106.13243930671493,85.4672120476138,0.0,CD8_Tcell
101.26779518216593,-19.36307701366107,0.0,CD8_Tcell
126.84343548111568,48.530624150418454,0.0,CD8_Tcell
-346.38187936329126,141.75880092604567,0.0,CD8_Tcell
-41.20156405244619,-9.70542016505284,0.0,CD8_Tcell
83.77819918101419,-322.2417608995342,0.0,CD8_Tcell
253.92966355277534,241.86691123446792,0.0,CD8_Tcell
-280.82545658104425,109.54082159832778,0.0,CD8_Tcell
-105.07623418624787,325.39674675469723,0.0,CD8_Tcell
-122.70884185222671,298.84057150142996,0.0,CD8_Tcell
48.56813189703156,-265.5757798052815,0.0,CD8_Tcell
247.30872404342253,8.489020686570385,0.0,CD8_Tcell
-2.234469130215322,-388.0826268883134,0.0,CD8_Tcell
146.08648932118018,-366.2906174734586,0.0,CD8_Tcell
262.769623058172,-187.49813273169136,0.0,CD8_Tcell
-124.1398124282935,-127.11066577602209,0.0,CD8_Tcell
-134.02820470470618,231.73326548788668,0.0,CD8_Tcell
-252.91251942505102,124.42369521634669,0.0,CD8_Tcell
341.968831241841,-65.82193291597497,0.0,CD8_Tcell
239.94029520075293,-221.97521427075284,0.0,CD8_Tcell
-279.4984596218922,65.19907804143187,0.0,CD8_Tcell
309.0480871300553,-115.53185312803927,0.0,CD8_Tcell
27.453425106004893,-55.63636335484924,0.0,CD8_Tcell
286.59684788744545,-205.2410735756337,0.0,CD8_Tcell
-75.22117907680428,-167.93728489947202,0.0,CD8_Tcell
202.87104150045337,-252.72277865341934,0.0,CD8_Tcell
104.99865234858646,-84.91762683272624,0.0,CD8_Tcell
113.33349363315067,73.95439790071198,0.0,CD8_Tcell
73.7362438886023,-16.376487751434365,0.0,CD8_Tcell
-191.39290147423844,330.1605774313983,0.0,CD8_Tcell
-289.10069745428723,114.67426896272151,0.0,CD8_Tcell
62.63181817313866,-232.35999042216935,0.0,CD8_Tcell
-180.92269983526754,-305.4691723356173,0.0,CD8_Tcell
247.70199048281907,-197.01998886101853,0.0,CD8_Tcell
-255.4905654373945,184.22120898135177,0.0,CD8_Tcell
-195.25707103747231,199.5031912224679,0.0,CD8_Tcell
34.90939962092685,7.044033292072187,0.0,CD8_Tcell
-197.80509335290273,47.19264849147392,0.0,CD8_Tcell
-21.427552036644542,-130.35770460440827,0.0,CD8_Tcell
-102.8920998247127,308.8669489765869,0.0,CD8_Tcell
-194.00288282133778,46.28404631112035,0.0,CD8_Tcell
51.28616634341733,263.43195590130756,0.0,CD8_Tcell
33.9319928898034,-235.36666625694383,0.0,CD8_Tcell
140.55712399985396,56.17377467242086,0.0,CD8_Tcell
-108.34351988289856,-376.29897549770055,0.0,CD8_Tcell
-279.9450746377158,266.41667561629527,0.0,CD8_Tcell
112.39876362887412,30.063727323187557,0.0,CD8_Tcell
220.2244638882991,-289.61982333671614,0.0,CD8_Tcell
-278.70354143497514,21.543565773168044,0.0,CD8_Tcell
-285.5341933163651,-205.59174589488958,0.0,CD8_Tcell
-17.521144128856452,-154.52556569907304,0.0,CD8_Tcell
-81.71451111585644,-120.36029543625908,0.0,CD8_Tcell
-45.29860782400401,-374.79225748731756,0.0,CD8_Tcell
29.218720718141633,-377.8854125977411,0.0,CD8_Tcell
-231.30437219302587,-145.06630706324458,0.0,CD8_Tcell
-247.8743304135614,278.89704899911055,0.0,CD8_Tcell
14.076858378677633,326.4893172812358,0.0,CD8_Tcell
141.01370474726633,-98.5732919771351,0.0,CD8_Tcell
225.3341876743368,-43.095083412038534,0.0,CD8_Tcell
-92.36950841774586,115.05467394265719,0.0,CD8_Tcell
267.8564846532463,228.22070602413478,0.0,CD8_Tcell
-151.565657648895,-112.40028362992219,0.0,PDAC_unclassified
315.19491967033196,-89.21288007885043,0.0,PDAC_unclassified
161.12355580647755,-41.334476621941555,0.0,PDAC_unclassified
335.44293951248363,110.89453557764858,0.0,PDAC_unclassified
204.85281597601485,325.14637037286934,0.0,PDAC_unclassified
-390.73140127178374,38.90005749101007,0.0,PDAC_unclassified
28.073920025483982,-26.531791691953988,0.0,PDAC_unclassified
154.24614400809637,-359.8788594115251,0.0,PDAC_unclassified
335.55046580392604,-76.4002091587916,0.0,PDAC_unclassified
-85.4848010400473,-78.36061480968543,0.0,PDAC_unclassified
-10.626821129784414,257.5374646090774,0.0,PDAC_unclassified
330.5193240845894,52.57615751828596,0.0,PDAC_unclassified
66.23270239347835,385.59422708259626,0.0,PDAC_unclassified
-73.3245822176262,-144.52033981565842,0.0,PDAC_unclassified
127.89332666680629,-63.879747200581605,0.0,PDAC_unclassified
-118.46146390145547,248.07742761530068,0.0,PDAC_unclassified
279.52349519815385,-277.0603519639104,0.0,PDAC_unclassified
-311.3516563386907,241.82808053746686,0.0,PDAC_unclassified
-68.36499251296544,178.30475699534122,0.0,PDAC_unclassified
-225.69431011472327,-12.554762334361767,0.0,PDAC_unclassified
-356.36440275981437,135.23878936453684,0.0,PDAC_unclassified
293.8166285336746,-176.76658998078491,0.0,PDAC_unclassified
-386.60543470269636,78.14644229623059,0.0,PDAC_unclassified
-64.60848637905119,372.4640674887937,0.0,PDAC_unclassified
101.91518541790113,-155.0118157800681,0.0,PDAC_unclassified
348.6384855363267,-2.7393263708120092,0.0,PDAC_unclassified
-52.629240035177176,-70.7149216427365,0.0,PDAC_unclassified
-1.0486241573196986,361.7349098248779,0.0,PDAC_unclassified
182.765881298014,69.33285624773389,0.0,epithelial_tumor_class1_class2
95.71409694156299,-56.618882088175006,0.0,epithelial_tumor_class2
-107.83827771224969,-61.71582445356945,0.0,mesenchymal_tumor
188.12177146447434,-205.19555264516018,0.0,mesenchymal_tumor
111.84687577882787,314.94406031773957,0.0,mesenchymal_tumor
135.81978539625948,-342.94278114386736,0.0,mesenchymal_tumor
-142.37156077729352,84.4611787890377,0.0,mesenchymal_tumor
116.14320651891634,237.81367546792058,0.0,mesenchymal_tumor
14.161120572084114,-200.09071409325145,0.0,mesenchymal_tumor
15.253872092879975,-201.73996575004742,0.0,mesenchymal_tumor
220.41289393687845,-5.696084992212664,0.0,mesenchymal_tumor
59.203219059012575,-300.72175371929006,0.0,mesenchymal_tumor
31.497202168291782,40.74704560166134,0.0,mesenchymal_tumor
-112.57430737484948,229.62933420962875,0.0,mesenchymal_tumor
-165.0033307146829,51.64031845668447,0.0,mesenchymal_tumor
275.25015888121584,281.0272431596037,0.0,mesenchymal_tumor
-300.63348219479207,-188.95963932830713,0.0,mesenchymal_tumor_class1
-287.2964365408164,-41.62359447431837,0.0,mesenchymal_tumor_class1
350.2383146967428,168.65661556460194,0.0,mesenchymal_tumor_class1
-148.61289623097724,-42.5388277338861,0.0,Treg
328.80800456129646,166.7617114888266,0.0,Treg
338.2292135564575,210.02179779515646,0.0,Treg
205.24978805514021,-155.88837752392948,0.0,Treg
255.89108756776614,-253.24597666966892,0.0,Treg
-290.3405291131832,126.94920152242436,0.0,Treg
-184.72278403953547,345.4373703642345,0.0,Treg
-120.48494440124057,-153.57517977747867,0.0,Treg
103.47500531005902,-276.5260243762857,0.0,Treg
-29.365839276719377,-254.05703772654905,0.0,Treg
-220.0976152624217,-195.52901551094004,0.0,Treg
24.04011388874237,206.00817039921773,0.0,Treg
-22.150117944395088,281.3338911499438,0.0,Treg
-51.290049821303015,-311.99037527669134,0.0,Treg
37.005718227297315,-107.81984167304554,0.0,Treg
256.9955407282033,229.85050101106611,0.0,Treg
129.06170375793408,310.46215667737357,0.0,Treg
-158.80393066298302,-340.0801785435666,0.0,Treg
-200.06410938392295,167.66454731399187,0.0,Treg
-91.58129234647576,-38.46983377276511,0.0,Treg
-204.03176128588402,-179.45701722153396,0.0,Treg
24.31971521330615,-146.37629241737721,0.0,Treg
110.38799089454659,-302.3342217311106,0.0,Treg
-16.323621274813537,85.29116747638872,0.0,Treg
-236.4322489915048,-62.76317896067975,0.0,Treg
82.16054590351067,80.65053288625177,0.0,Treg
12.682786597743556,-19.436470244687584,0.0,Treg
221.2664175458444,-323.620654919742,0.0,Treg
-122.18745645182682,380.06657465506987,0.0,Treg
158.76299664132173,252.33862792398187,0.0,Treg
176.87500500093543,83.35567525487681,0.0,Treg
-340.2173187591806,-173.28595415006743,0.0,Treg
322.61378274644767,208.8209824567563,0.0,Treg
-156.18400554123477,-335.1536647575385,0.0,Treg
258.2545167922303,-204.46229168693938,0.0,apCAF
114.36790092450251,291.81838252444464,0.0,apCAF
-108.19543051644555,358.52953729568236,0.0,apCAF
194.84619300856576,150.19944043414353,0.0,apCAF
-127.7601336246569,357.82744651038473,0.0,apCAF
75.65864320781772,-13.558345154666707,0.0,apCAF
130.67589167734806,-31.06331279427877,0.0,apCAF
16.74756308161225,-256.2662855971857,0.0,apCAF
-305.59174059634677,-40.651827381642434,0.0,apCAF
13.832611723466204,-70.63115966205228,0.0,apCAF
-284.45708697738985,-99.36639822505346,0.0,apCAF
221.72016822945335,4.88852100209694,0.0,apCAF
-376.7360847524356,-3.662198151157957,0.0,apCAF
-237.4741547857507,-170.092799600072,0.0,apCAF
-30.298119343839133,305.19673864413403,0.0,apCAF
112.51842077971696,372.3427114415158,0.0,apCAF
-52.114305393083306,345.7621486486504,0.0,apCAF
-188.85562041128176,-185.62671473296177,0.0,apCAF
167.83771713791748,219.388329450077,0.0,apCAF
-59.67954854134474,-316.3955917129774,0.0,apCAF
-158.26341474853808,83.57371725736695,0.0,apCAF
-72.01469781261616,94.85788200258952,0.0,apCAF
78.52688074666337,-208.88123791163784,0.0,apCAF
-352.64795873927125,-13.44116314989402,0.0,apCAF
-146.5105037238996,140.3797709848587,0.0,apCAF
104.28483000774361,-100.23046584748158,0.0,apCAF
-126.64002227667572,137.86196180137844,0.0,apCAF
208.49510507136773,-255.27525748139468,0.0,apCAF
-313.3102916329473,-8.26741966035747,0.0,apCAF
86.54831599220259,320.3744505517624,0.0,apCAF
-172.2908191687536,-147.74699069362114,0.0,apCAF
-83.57189560887694,370.34135412300697,0.0,apCAF
161.89175101176423,214.64929100010605,0.0,apCAF
245.35677532211062,148.30420733022484,0.0,apCAF
20.316528238045095,389.09705067077164,0.0,apCAF
-33.400145886443504,-394.42210019972305,0.0,apCAF
170.85954293056216,-276.8643218910802,0.0,apCAF
251.0589051051177,-296.8830358567934,0.0,apCAF
-37.16372568790717,291.99321791347296,0.0,apCAF
-117.66349872737925,-187.93768211275645,0.0,apCAF
27.645757021629063,222.82407651182507,0.0,apCAF
-214.41214596629501,-208.4656471539219,0.0,apCAF
236.22255692161764,-202.4961305957347,0.0,apCAF
256.50789599726903,67.39755543203361,0.0,apCAF
374.41742181204484,-34.85730347454165,0.0,apCAF
121.66605331167247,-231.23310849817625,0.0,apCAF
15.312515940007525,-208.59844288779786,0.0,apCAF
-12.870486982920458,-33.33843277343498,0.0,apCAF
50.062786500518044,-390.87696518601024,0.0,apCAF
362.95742424939476,-12.330185931930112,0.0,apCAF
39.70758872804515,-311.30827317476974,0.0,apCAF
-217.22448471553813,292.7461081972274,0.0,apCAF
-271.69502006024805,-236.27969213331147,0.0,apCAF
-200.557321948287,329.958914789498,0.0,apCAF
244.1542289578175,-46.4708706575807,0.0,apCAF
241.20320872988196,-174.92104170785038,0.0,apCAF
-114.45175682638417,-51.78106946166301,0.0,apCAF
76.72839006939859,-385.4389994180583,0.0,apCAF
334.7911466574894,-213.38982919755907,0.0,apCAF
14.283892967566487,355.0344350491701,0.0,apCAF
-236.63348199086587,-129.0889325411457,0.0,apCAF
-280.012045494225,32.30997561802387,0.0,apCAF
35.69558536171123,-261.50436796302637,0.0,apCAF
-157.06090502573082,149.2031298467134,0.0,apCAF
-74.07156029676644,-280.9982719573292,0.0,apCAF
-75.82093499120968,52.937670303380806,0.0,apCAF
305.23058199162614,256.0004330601808,0.0,apCAF
203.67061115625665,162.37704202718876,0.0,apCAF
282.3568817158326,262.0176421419907,0.0,apCAF
333.33503615628723,69.07378211946452,0.0,apCAF
-210.77950206768148,-44.304268488822785,0.0,apCAF
-88.824579950919,-166.24864782752124,0.0,apCAF
279.148895691726,285.27874690566574,0.0,apCAF
-268.1882996704467,-227.18990454798018,0.0,apCAF
-163.34557749604798,-115.16969295946365,0.0,apCAF
62.58378013569831,82.91247295967156,0.0,apCAF
-275.0973104429964,189.28316627542523,0.0,apCAF
7.10392010812671,-220.07309560432319,0.0,apCAF
187.14127410573815,19.775579549428297,0.0,apCAF
206.84253130629085,273.5071364090887,0.0,apCAF
329.5560073322,-8.640003238109495,0.0,apCAF
-28.64344215084386,-276.0535838988182,0.0,apCAF
-378.54025672788487,86.78838216977385,0.0,apCAF
-226.03652124915337,-240.10337280175716,0.0,apCAF
